  4 20 23  7  9 25  3
  3 25  6 12 13  1  9
  5 26  7 13 14  4 10
 15 21  2  9 10 26  5
  6 19  9 14 16 15 11
  7  8 10 16 17 23 12
  9  1 11 17 18  2 13
  1 18 15  6  7 24  2
 10  4 12 18 20  3 14
  _  _ 13  _ 21  5  _
 12 23 14 21 22  6 17
 13  2 16 22 24  7 18
 14  3 17 24 25  9 20
 16  5 18 25 26 10 21
 23 22  3 10 11 19  6
 17  6 20 26 19 11 22
  _  7  _ 19  _ 12  _
 20  9 22  8  1 13 25
  8 17  4  5  6 22 23
 21 10 24  1  4 14 26
 22 11 25  4 15 16 19
 24 12 26 15 23 17  8
  2 24  5 11 12  8  7
 25 13 19 23  2 18  1
 26 14  8  2  3 20  4
  _  _  _  _  _  _  _

